odd even 
number rotate 





563268
odd = 
even =


563268%10=8

563268/10=56326.8 =56326
